{
 "cells": [
  {
   "cell_type": "code",
   "execution_count": 3,
   "metadata": {},
   "outputs": [],
   "source": [
    "import numpy as np\n",
    "import pandas as pd\n",
    "pi = 3.141592653\n",
    "\n",
    "city = ['哈尔滨','北京','西安','郑州','成都','重庆','武汉','上海','昆明','广州','乌鲁木齐','拉萨']\n",
    "J = [126.54,116.40,108.94,113.62,104.06,106.55,114.31,121.47,102.83,113.26,87.62,91.11]\n",
    "W = [45.80,39.90,34.34,34.75,30.57,29.57,30.59,31.23,24.88,23.13,43.83,29.64]\n",
    "P = [10.93,37.3,9.61,9.56,16,30.5,10.91,24.2,6.7,27,2.2,0.9]\n",
    "\n",
    "V = [[0 for i in range(12)] for i in range(12)]"
   ]
  },
  {
   "cell_type": "code",
   "execution_count": 4,
   "metadata": {},
   "outputs": [
    {
     "name": "stdout",
     "output_type": "stream",
     "text": [
      "[[0, 8, 8, 8, 0, 8, 8, 8, 0, 8, 0, 0], [8, 0, 16, 16, 8, 8, 16, 16, 8, 8, 0, 0], [8, 16, 0, 32, 16, 32, 16, 8, 8, 8, 8, 8], [8, 16, 32, 0, 16, 16, 32, 16, 8, 8, 0, 8], [0, 8, 16, 16, 0, 32, 16, 8, 16, 8, 8, 8], [8, 8, 32, 16, 32, 0, 16, 8, 16, 16, 8, 8], [8, 16, 16, 32, 16, 16, 0, 16, 8, 16, 0, 8], [8, 16, 8, 16, 8, 8, 16, 0, 8, 8, 0, 0], [0, 8, 8, 8, 16, 16, 8, 8, 0, 16, 8, 8], [8, 8, 8, 8, 8, 16, 16, 8, 16, 0, 0, 8], [0, 0, 8, 0, 8, 8, 0, 0, 8, 0, 0, 8], [0, 0, 8, 8, 8, 8, 8, 0, 8, 8, 8, 0]]\n"
     ]
    }
   ],
   "source": [
    "for i in range(0,12,1):\n",
    "    for j in range(0,12,1):\n",
    "        if i != j:\n",
    "            temp = 6371* np.sqrt(np.sum(np.square(J[i] - J[j])+np.square(W[i]-W[j]))) * pi / 180\n",
    "            if temp < 3000:\n",
    "                V[i][j] = 8\n",
    "            if temp < 1200:\n",
    "                V[i][j] = 16\n",
    "            if temp < 600:\n",
    "                V[i][j] = 32\n",
    "print V"
   ]
  },
  {
   "cell_type": "code",
   "execution_count": 11,
   "metadata": {},
   "outputs": [
    {
     "name": "stdout",
     "output_type": "stream",
     "text": [
      "      哈尔滨  北京  西安  郑州  成都  重庆  武汉  上海  昆明  广州  乌鲁木齐  拉萨\n",
      "哈尔滨     0   8   8   8   0   8   8   8   0   8     0   0\n",
      "北京      8   0  16  16   8   8  16  16   8   8     0   0\n",
      "西安      8  16   0  32  16  32  16   8   8   8     8   8\n",
      "郑州      8  16  32   0  16  16  32  16   8   8     0   8\n",
      "成都      0   8  16  16   0  32  16   8  16   8     8   8\n",
      "重庆      8   8  32  16  32   0  16   8  16  16     8   8\n",
      "武汉      8  16  16  32  16  16   0  16   8  16     0   8\n",
      "上海      8  16   8  16   8   8  16   0   8   8     0   0\n",
      "昆明      0   8   8   8  16  16   8   8   0  16     8   8\n",
      "广州      8   8   8   8   8  16  16   8  16   0     0   8\n",
      "乌鲁木齐    0   0   8   0   8   8   0   0   8   0     0   8\n",
      "拉萨      0   0   8   8   8   8   8   0   8   8     8   0\n"
     ]
    }
   ],
   "source": [
    "V1 = pd.DataFrame(V,columns = city,index = city)\n",
    "print V1"
   ]
  },
  {
   "cell_type": "code",
   "execution_count": 14,
   "metadata": {},
   "outputs": [
    {
     "name": "stdout",
     "output_type": "stream",
     "text": [
      "[[0, 161.53048009586303, 81.99016526389003, 81.7765932281359, 0, 146.06628632234066, 87.3599633699557, 130.10912343106457, 0, 137.4301277013159, 0, 0], [161.53048009586303, 0, 302.92568065451303, 302.13660486607705, 195.4359230029116, 269.8325406617964, 322.7652521570437, 480.7088099879177, 126.46833595805711, 253.87871119887149, 0, 0], [81.99016526389003, 302.92568065451303, 0, 306.7189567014077, 198.4, 547.8499064524881, 163.83023408394436, 121.99986885238852, 64.19320836350214, 128.86458008312445, 36.78434449599449, 23.527345791652742], [81.7765932281359, 302.13660486607705, 306.7189567014077, 0, 197.88319787187592, 273.21141996629643, 326.8069619821463, 243.36415512560595, 64.02599472089442, 128.5289072543605, 0, 23.46606059823421], [0, 195.4359230029116, 198.4, 197.88319787187592, 0, 706.9031050999847, 211.39385043089592, 157.41918561598519, 165.65989255097324, 166.27687752661222, 47.463670317412245, 30.35786553761644], [146.06628632234066, 269.8325406617964, 547.8499064524881, 273.21141996629643, 706.9031050999847, 0, 291.86517435281655, 217.34396702002107, 228.72166491174377, 459.1470352730158, 65.53167173207167, 41.914198071775154], [87.3599633699557, 322.7652521570437, 163.83023408394436, 326.8069619821463, 211.39385043089592, 291.86517435281655, 0, 259.9800607738986, 68.39742685218502, 274.6086670154458, 0, 25.068226901797424], [130.10912343106457, 480.7088099879177, 121.99986885238852, 243.36415512560595, 157.41918561598519, 217.34396702002107, 259.9800607738986, 0, 101.86736474455398, 204.4935206797516, 0, 0], [0, 126.46833595805711, 64.19320836350214, 64.02599472089442, 165.65989255097324, 228.72166491174377, 68.39742685218502, 101.86736474455398, 0, 215.198513006015, 30.714166112723948, 19.64484665249388], [137.4301277013159, 253.87871119887149, 128.86458008312445, 128.5289072543605, 166.27687752661222, 459.1470352730158, 274.6086670154458, 204.4935206797516, 215.198513006015, 0, 0, 39.43602414037196], [0, 0, 36.78434449599449, 0, 47.463670317412245, 65.53167173207167, 0, 0, 30.714166112723948, 0, 0, 11.256997823576231], [0, 0, 23.527345791652742, 23.46606059823421, 30.35786553761644, 41.914198071775154, 25.068226901797424, 0, 19.64484665249388, 39.43602414037196, 11.256997823576231, 0]]\n"
     ]
    }
   ],
   "source": [
    "for i in range(0,12,1):\n",
    "    for j in range(0,12,1):\n",
    "        if i != j:\n",
    "            temp = 6371* np.sqrt(np.sum(np.square(J[i] - J[j])+np.square(W[i]-W[j]))) * pi / 180\n",
    "            if temp < 3000:\n",
    "                V[i][j] = 8*np.sqrt(P[i]*P[j])\n",
    "            if temp < 1200:\n",
    "                V[i][j] = 16*np.sqrt(P[i]*P[j])\n",
    "            if temp < 600:\n",
    "                V[i][j] = 32*np.sqrt(P[i]*P[j])\n",
    "print V"
   ]
  },
  {
   "cell_type": "code",
   "execution_count": 15,
   "metadata": {},
   "outputs": [
    {
     "name": "stdout",
     "output_type": "stream",
     "text": [
      "             哈尔滨          北京          西安          郑州          成都          重庆  \\\n",
      "哈尔滨     0.000000  161.530480   81.990165   81.776593    0.000000  146.066286   \n",
      "北京    161.530480    0.000000  302.925681  302.136605  195.435923  269.832541   \n",
      "西安     81.990165  302.925681    0.000000  306.718957  198.400000  547.849906   \n",
      "郑州     81.776593  302.136605  306.718957    0.000000  197.883198  273.211420   \n",
      "成都      0.000000  195.435923  198.400000  197.883198    0.000000  706.903105   \n",
      "重庆    146.066286  269.832541  547.849906  273.211420  706.903105    0.000000   \n",
      "武汉     87.359963  322.765252  163.830234  326.806962  211.393850  291.865174   \n",
      "上海    130.109123  480.708810  121.999869  243.364155  157.419186  217.343967   \n",
      "昆明      0.000000  126.468336   64.193208   64.025995  165.659893  228.721665   \n",
      "广州    137.430128  253.878711  128.864580  128.528907  166.276878  459.147035   \n",
      "乌鲁木齐    0.000000    0.000000   36.784344    0.000000   47.463670   65.531672   \n",
      "拉萨      0.000000    0.000000   23.527346   23.466061   30.357866   41.914198   \n",
      "\n",
      "              武汉          上海          昆明          广州       乌鲁木齐         拉萨  \n",
      "哈尔滨    87.359963  130.109123    0.000000  137.430128   0.000000   0.000000  \n",
      "北京    322.765252  480.708810  126.468336  253.878711   0.000000   0.000000  \n",
      "西安    163.830234  121.999869   64.193208  128.864580  36.784344  23.527346  \n",
      "郑州    326.806962  243.364155   64.025995  128.528907   0.000000  23.466061  \n",
      "成都    211.393850  157.419186  165.659893  166.276878  47.463670  30.357866  \n",
      "重庆    291.865174  217.343967  228.721665  459.147035  65.531672  41.914198  \n",
      "武汉      0.000000  259.980061   68.397427  274.608667   0.000000  25.068227  \n",
      "上海    259.980061    0.000000  101.867365  204.493521   0.000000   0.000000  \n",
      "昆明     68.397427  101.867365    0.000000  215.198513  30.714166  19.644847  \n",
      "广州    274.608667  204.493521  215.198513    0.000000   0.000000  39.436024  \n",
      "乌鲁木齐    0.000000    0.000000   30.714166    0.000000   0.000000  11.256998  \n",
      "拉萨     25.068227    0.000000   19.644847   39.436024  11.256998   0.000000  \n"
     ]
    }
   ],
   "source": [
    "V2 = pd.DataFrame(V,columns = city,index = city)\n",
    "print V2"
   ]
  },
  {
   "cell_type": "code",
   "execution_count": 24,
   "metadata": {},
   "outputs": [
    {
     "name": "stdout",
     "output_type": "stream",
     "text": [
      "北京 重庆 昆明 3.625421530983422\n",
      "北京 上海 昆明 1.5023380364184682\n",
      "北京 广州 昆明 2.47638984222586\n",
      "重庆 上海 昆明 0.1394712274494001\n",
      "重庆 广州 昆明 0.9516785847035631\n"
     ]
    }
   ],
   "source": [
    "for i in range(0,12,1):\n",
    "    for j in range(i+1,12,1):\n",
    "        for h in range(0,10,1):\n",
    "            if i != h and j != h:\n",
    "                temp = np.sqrt(P[i]*P[j])-np.sqrt(P[i]*P[h])-np.sqrt(P[j]*P[h])\n",
    "                if temp>0:\n",
    "                    print city[i]+' '+city[j]+' '+city[h]+' '+str(temp)"
   ]
  },
  {
   "cell_type": "code",
   "execution_count": null,
   "metadata": {},
   "outputs": [],
   "source": []
  }
 ],
 "metadata": {
  "kernelspec": {
   "display_name": "Python 2",
   "language": "python",
   "name": "python2"
  },
  "language_info": {
   "codemirror_mode": {
    "name": "ipython",
    "version": 2
   },
   "file_extension": ".py",
   "mimetype": "text/x-python",
   "name": "python",
   "nbconvert_exporter": "python",
   "pygments_lexer": "ipython2",
   "version": "2.7.12"
  }
 },
 "nbformat": 4,
 "nbformat_minor": 2
}
